5
0
0
0
-86
-86
-86
-86
-86
-86
-86
-86
-86
-86
-86
-86
-86
-86
-86
-86
-86
-86
-86
-86
-86
-86
-86
-86
-86
-86
-86
-86
114
0
0
0
-86
-86
-86
-86
-86
-86
-86
-86
-86
-86
-86
-86
97
0
0
0
-86
-86
-86
-86
-86
-86
-86
-86
-86
-86
-86
-86
114
0
0
0
-86
-86
-86
-86
-86
-86
-86
-86
-86
-86
-86
-86
111
0
0
0
-86
-86
-86
-86
-86
-86
-86
-86
-86
-86
-86
-86
-86
-86
-86
-86
-86
-86
-86
-86
-86
-86
-86
-86
-86
-86
-86
-86
118
0
0
0
-86
-86
-86
-86
-86
-86
-86
-86
-86
-86
-86
-86
105
0
0
0
-86
-86
-86
-86
-86
-86
-86
-86
-86
-86
-86
-86
97
0
0
0
-86
-86
-86
-86
-86
-86
-86
-86
-86
-86
-86
-86
111
0
0
0
-86
-86
-86
-86
-86
-86
-86
-86
-86
-86
-86
-86
-86
-86
-86
-86
-86
-86
-86
-86
-86
-86
-86
-86
-86
-86
-86
-86
118
0
0
0
-86
-86
-86
-86
-86
-86
-86
-86
-86
-86
-86
-86
111
0
0
0
-86
-86
-86
-86
-86
-86
-86
-86
-86
-86
-86
-86
108
0
0
0
-86
-86
-86
-86
-86
-86
-86
-86
-86
-86
-86
-86
117
0
0
0
-86
-86
-86
-86
-86
-86
-86
-86
-86
-86
-86
-86
109
0
0
0
-86
-86
-86
-86
-86
-86
-86
-86
-86
-86
-86
-86
105
0
0
0
-86
-86
-86
-86
-86
-86
-86
-86
-86
-86
-86
-86
110
0
0
0
-86
-86
-86
-86
-86
-86
-86
-86
-86
-86
-86
-86
111
0
0
0
-86
-86
-86
-86
-86
-86
-86
-86
-86
-86
-86
-86
115
0
0
0
-86
-86
-86
-86
-86
-86
-86
-86
-86
-86
-86
-86
111
0
0
0
-86
-86
-86
-86
-86
-86
-86
-86
-86
-86
-86
-86
-86
-86
-86
-86
-86
-86
-86
-86
-86
-86
-86
-86
-86
-86
-86
-86
108
0
0
0
-86
-86
-86
-86
-86
-86
-86
-86
-86
-86
-86
-86
111
0
0
0
-86
-86
-86
-86
-86
-86
-86
-86
-86
-86
-86
-86
99
0
0
0
-86
-86
-86
-86
-86
-86
-86
-86
-86
-86
-86
-86
111
0
0
0
-86
-86
-86
-86
-86
-86
-86
-86
-86
-86
-86
-86
-86
-86
-86
-86
-86
-86
-86
-86
-86
-86
-86
-86
-86
-86
-86
-86
109
0
0
0
-86
-86
-86
-86
-86
-86
-86
-86
-86
-86
-86
-86
117
0
0
0
-86
-86
-86
-86
-86
-86
-86
-86
-86
-86
-86
-86
99
0
0
0
-86
-86
-86
-86
-86
-86
-86
-86
-86
-86
-86
-86
104
0
0
0
-86
-86
-86
-86
-86
-86
-86
-86
-86
-86
-86
-86
97
0
0
0
-86
-86
-86
-86
-86
-86
-86
-86
-86
-86
-86
-86
99
0
0
0
-86
-86
-86
-86
-86
-86
-86
-86
-86
-86
-86
-86
104
0
0
0
-86
-86
-86
-86
-86
-86
-86
-86
-86
-86
-86
-86
111
0
0
0
-86
-86
-86
-86
-86
-86
-86
-86
-86
-86
-86
-86
110
0
0
0
-86
-86
-86
-86
-86
-86
-86
-86
-86
-86
-86
-86
-86
-86
-86
-86
-86
-86
-86
-86
-86
-86
-86
-86
-86
-86
-86
-86